35076, 20143, 17813, 40039, 19792, 27546, 5621, 4231, 28003, 19708, 21554, 46875, 35692, 48014, 16590, 45543, 40200, 6620, 22607, 23015, 18125, 13213, 9478, 6306, 49064, 25391, 17391, 22183, 15895, 27507, 15858, 15735, 45057, 24354, 16495, 33566, 43380, 46879, 26729, 15468, 24337, 18394, 45379, 532, 35220, 38084, 19004, 16555, 1247, 48864, 24890, 40969, 10099, 3018, 18293, 36252, 31567, 41338, 9206, 36633, 7887, 12894, 40321, 7205, 15448, 26659, 40110, 12410, 40851, 42925, 20710, 17161, 27364, 6057, 38591, 23269, 3609, 46631, 15742, 15937, 5768, 15739, 43523, 14633, 37549, 16206, 26042, 44456, 44930, 18491, 1748, 10476, 49430, 43713, 13491, 48826, 28067, 3482, 45132, 2253835076
20143
17813
40039
19792
27546
5621
4231
28003
19708
21554
46875
35692
48014
16590
45543
40200
6620
22607
23015
18125
13213
9478
6306
49064
